
state={
	id=496
	name="STATE_496" # Minas Gerais
	manpower = 1

	state_category = rural

	history={

	}

	provinces={
		2153 4570 5223 7589 8196 8233 10419 10931 10999 11002 12422 12903 12909 12938 1937 2023 2085 4969 8056 10494 10864 12703 12790 12845 12872 2212 2226 5166 8160 8191 10940 4617 5194 8143 8177 8184 8197 8242 10392 10926 10946 1446 1524 2132 2164 2175 2178 2227 5107 5168 5182 7561 8179 8227 10345 10933 10939 10967 10989 10998 12961 2150 2214 2228 5153 5204 5218 5220 10874 10984 12853 12913 12933 12947 12999 1979 2035 2198 4980 5008 5083 5214 5216 5232 8172 8185 8254 10934 10956 10960 12919 12965 13083 2168 2190 2218 5115 5148 5151 5174 5208 8129 8140 12923 12959 12987 2142 2147 2204 8175 11010 12939 2160 5188 8211 8240 10924 10982 10996 12902 12916 12917 12973 2111 2181 5200 8189 8224 10959 12951 1529 2109 4533 4548 4587 5156 5178 8181 8239 10405 12466 1583 2167 2185 5186 7476 7636 8148 8210 10360 10513 10945 10947 10994 11003 11008 12438 12479 12937 12972 12977 5131 5146 5171 5192 5228 8217 8231 11000 12914 12994 2161 5118 5159 5201 5209 5215 8198 8218 8913 10961
	}
}
